0.000000000000000000e+00 1.822591940056560889e+00
3.030303030303030387e-02 8.221336150706637369e-04
6.060606060606060774e-02 1.051113931747760466e+00
9.090909090909091161e-02 1.452825249596132018e+00
1.212121212121212155e-01 6.979862802733670657e-01
1.515151515151515194e-01 1.526810853940868018e+00
1.818181818181818232e-01 -1.165742706398353867e-03
2.121212121212121271e-01 3.410634175450621419e-01
2.424242424242424310e-01 1.127394188569456501e+00
2.727272727272727071e-01 -1.643176303901600632e-01
3.030303030303030387e-01 3.461779933957363498e-01
3.333333333333333703e-01 7.551821217133470876e-01
3.636363636363636465e-01 1.617719957067886183e+00
3.939393939393939226e-01 -7.359878656531181340e-01
4.242424242424242542e-01 6.675862407984938240e-01
4.545454545454545858e-01 -1.117802128936638550e-01
4.848484848484848619e-01 3.785083694314700375e-02
5.151515151515151381e-01 -3.231693354279804864e-01
5.454545454545454142e-01 1.221922114098874246e-01
5.757575757575758013e-01 -1.302750135888620431e+00
6.060606060606060774e-01 -4.768044944198331914e-01
6.363636363636363535e-01 -2.558476603290421592e-03
6.666666666666667407e-01 9.146268758906102025e-01
6.969696969696970168e-01 8.714037763446218499e-01
7.272727272727272929e-01 -5.085838913654523452e-01
7.575757575757575690e-01 1.126040020242990713e-01
7.878787878787878451e-01 9.081243891275009306e-02
8.181818181818182323e-01 -9.669076311088056208e-01
8.484848484848485084e-01 -3.163902680333794404e-01
8.787878787878787845e-01 -5.984950099415913272e-01
9.090909090909091717e-01 -1.300658640786311215e+00
9.393939393939394478e-01 5.332794690378634961e-01
9.696969696969697239e-01 1.390883049984889652e+00
1.000000000000000000e+00 -1.764618279409140067e+00
1.030303030303030276e+00 4.211738050405079009e-03
1.060606060606060552e+00 3.601679333805680172e-01
1.090909090909090828e+00 -3.068877693215234181e+00
1.121212121212121327e+00 1.576906793238849858e+00
1.151515151515151603e+00 2.769191859986675497e-01
1.181818181818181879e+00 -9.257429693493700318e-02
1.212121212121212155e+00 1.313523322923429104e+00
1.242424242424242431e+00 -7.887414671979741110e-01
1.272727272727272707e+00 2.197588861091045231e+00
1.303030303030302983e+00 -5.370589762652107357e-02
1.333333333333333481e+00 1.039792698898556189e+00
1.363636363636363757e+00 -1.165722578399863263e+00
1.393939393939394034e+00 -1.927672012207038099e+00
1.424242424242424310e+00 -1.724660766437427828e+00
1.454545454545454586e+00 5.591271635000888418e-02
1.484848484848484862e+00 6.715835516946089268e-01
1.515151515151515138e+00 -6.139020674964780211e-01
1.545454545454545414e+00 8.297119274606367112e-01
1.575757575757575690e+00 -3.595217763092601326e-01
1.606060606060606188e+00 -4.621377733683250666e-01
1.636363636363636465e+00 6.893842073481094568e-01
1.666666666666666741e+00 8.199048739278200770e-01
1.696969696969697017e+00 -4.554116404017631292e-01
1.727272727272727293e+00 -3.801583641304373540e-01
1.757575757575757569e+00 -4.443246938112205280e-02
1.787878787878787845e+00 6.510355213650109718e-02
1.818181818181818343e+00 -9.895797685435107072e-01
1.848484848484848619e+00 -8.006354520173717404e-01
1.878787878787878896e+00 -5.567614567683744076e-01
1.909090909090909172e+00 -4.070456612657453732e-01
1.939393939393939448e+00 -1.476697639774467108e+00
1.969696969696969724e+00 -1.523179881272404224e+00
2.000000000000000000e+00 2.658565673394809314e-01
2.030303030303030276e+00 4.616583509809706332e-01
2.060606060606060552e+00 -2.962111973174198276e+00
2.090909090909090828e+00 1.554727227698717851e-01
2.121212121212121104e+00 -3.690959409231236998e-01
2.151515151515151381e+00 -5.662654079950038000e-01
2.181818181818181657e+00 -2.303631804229989699e-01
2.212121212121212377e+00 -7.356521120156223059e-02
2.242424242424242653e+00 -2.860521293952126842e-01
2.272727272727272929e+00 7.020137947606048812e-01
2.303030303030303205e+00 -3.851122987370360629e-01
2.333333333333333481e+00 -8.986191658963117446e-01
2.363636363636363757e+00 -6.641576281173136032e-01
2.393939393939394034e+00 -8.325499742415952698e-01
2.424242424242424310e+00 -1.268394262477384071e+00
2.454545454545454586e+00 -1.367890979405265162e-01
2.484848484848484862e+00 1.214200151338070688e+00
2.515151515151515138e+00 -1.469024287944415086e+00
2.545454545454545414e+00 -5.524636932696552760e-01
2.575757575757575690e+00 -5.691237006404258336e-01
2.606060606060605966e+00 -2.919241806152164109e+00
2.636363636363636243e+00 -6.521740559471111975e-01
2.666666666666666963e+00 -2.745080916281013472e+00
2.696969696969697239e+00 2.603003881537850894e-01
2.727272727272727515e+00 -2.216967647717238421e+00
2.757575757575757791e+00 -1.763465690487584059e+00
2.787878787878788067e+00 2.085729132604112745e-01
2.818181818181818343e+00 -9.207329455720145717e-01
2.848484848484848619e+00 -1.585347479658141712e+00
2.878787878787878896e+00 1.609217194779439808e-01
2.909090909090909172e+00 -2.502706893850417114e+00
2.939393939393939448e+00 -1.227058858023774013e+00
2.969696969696969724e+00 -8.161759109594586281e-01
3.000000000000000000e+00 2.421167917336681796e-01
