0.000000000000000000e+00 -3.171009727502885234e+00
3.030303030303030387e-02 -1.563581903744405421e+00
6.060606060606060774e-02 -1.077972055184271749e+00
9.090909090909091161e-02 -1.022943531287313856e+00
1.212121212121212155e-01 -2.321666826757059710e+00
1.515151515151515194e-01 -5.309822624947165837e-01
1.818181818181818232e-01 4.698572511108367600e-01
2.121212121212121271e-01 1.053091777781309357e+00
2.424242424242424310e-01 -5.439299739830798508e-01
2.727272727272727071e-01 -1.933409922680478621e+00
3.030303030303030387e-01 -2.372550750189883928e+00
3.333333333333333703e-01 -1.694428804444562786e+00
3.636363636363636465e-01 -4.724747447011377055e-01
3.939393939393939226e-01 -1.287261735044744615e-01
4.242424242424242542e-01 -8.175335343125910148e-01
4.545454545454545858e-01 -3.774583332705857330e+00
4.848484848484848619e-01 -1.109491166185609057e+00
5.151515151515151381e-01 -3.062454578411895056e-01
5.454545454545454142e-01 -2.296255689693740720e+00
5.757575757575758013e-01 -1.293550219290854120e+00
6.060606060606060774e-01 -1.732295503562242711e+00
6.363636363636363535e-01 -3.133698733412213500e+00
6.666666666666667407e-01 -3.257414015652372541e+00
6.969696969696970168e-01 -1.356770885190198284e+00
7.272727272727272929e-01 -2.657422773949219774e+00
7.575757575757575690e-01 -1.045841883015114160e+00
7.878787878787878451e-01 -2.673172138167056122e+00
8.181818181818182323e-01 -2.355424574093680778e-01
8.484848484848485084e-01 -1.633339577110326069e+00
8.787878787878787845e-01 -2.425806559955172581e+00
9.090909090909091717e-01 -7.649125830998082520e-01
9.393939393939394478e-01 6.680251215598316250e-01
9.696969696969697239e-01 -2.295806586635477764e+00
1.000000000000000000e+00 -2.729213044539758215e+00
1.030303030303030276e+00 -1.878491819731979984e-01
1.060606060606060552e+00 -1.492411760797435427e+00
1.090909090909090828e+00 -8.507775890900062254e-01
1.121212121212121327e+00 -1.133959125482317365e+00
1.151515151515151603e+00 -1.761962822037028475e+00
1.181818181818181879e+00 -1.806933371010454703e+00
1.212121212121212155e+00 -1.174877724911395527e+00
1.242424242424242431e+00 -3.071968754555519432e+00
1.272727272727272707e+00 -2.058814485498696278e+00
1.303030303030302983e+00 -2.742484476585727915e+00
1.333333333333333481e+00 -2.238971190940528988e+00
1.363636363636363757e+00 -2.054095938001794242e+00
1.393939393939394034e+00 -1.892895188917511184e+00
1.424242424242424310e+00 -1.904408095546246127e+00
1.454545454545454586e+00 -2.320562824764955678e+00
1.484848484848484862e+00 -1.136942152652644200e+00
1.515151515151515138e+00 -1.946566526293349364e+00
1.545454545454545414e+00 -1.192481281806078375e+00
1.575757575757575690e+00 -1.376760665511445936e+00
1.606060606060606188e+00 -9.233621030521443895e-01
1.636363636363636465e+00 -5.771929233467990805e+00
1.666666666666666741e+00 -1.801321913737984115e+00
1.696969696969697017e+00 -2.773060438087183499e+00
1.727272727272727293e+00 -3.095834498308832394e+00
1.757575757575757569e+00 -2.692694724828075259e+00
1.787878787878787845e+00 -4.043043813049711943e+00
1.818181818181818343e+00 -4.450590421680722386e+00
1.848484848484848619e+00 -2.498023850998486672e+00
1.878787878787878896e+00 -1.671529866629433148e+00
1.909090909090909172e+00 -2.150525903515828396e+00
1.939393939393939448e+00 -8.688595879526770371e-01
1.969696969696969724e+00 -2.711600880118872237e+00
2.000000000000000000e+00 -2.641080929889352724e+00
2.030303030303030276e+00 -2.092277796011305924e+00
2.060606060606060552e+00 -2.929435034552313244e+00
2.090909090909090828e+00 -2.434473861552762575e+00
2.121212121212121104e+00 -9.029857063699104902e-01
2.151515151515151381e+00 -2.962718992920408745e+00
2.181818181818181657e+00 -2.809120455948364903e+00
2.212121212121212377e+00 -2.177492597871471425e+00
2.242424242424242653e+00 -6.836616751562738514e-01
2.272727272727272929e+00 -3.998926029876747279e+00
2.303030303030303205e+00 -2.596824863939989569e+00
2.333333333333333481e+00 -1.275002595015996443e+00
2.363636363636363757e+00 -4.395244875954476882e+00
2.393939393939394034e+00 -2.479715462377411583e+00
2.424242424242424310e+00 -3.322675788697388555e+00
2.454545454545454586e+00 -3.495265237988937734e+00
2.484848484848484862e+00 -3.231985704948256100e+00
2.515151515151515138e+00 -1.916975572250795068e+00
2.545454545454545414e+00 -3.190890050173609716e+00
2.575757575757575690e+00 -4.173001837995782282e+00
2.606060606060605966e+00 -2.480872160703588403e+00
2.636363636363636243e+00 -3.788066224434204265e+00
2.666666666666666963e+00 -3.580664547894411243e+00
2.696969696969697239e+00 -1.687537119485122306e+00
2.727272727272727515e+00 -1.493900548776506687e+00
2.757575757575757791e+00 -3.340467069221663809e+00
2.787878787878788067e+00 -3.060887587450727754e+00
2.818181818181818343e+00 -3.631915593231721751e+00
2.848484848484848619e+00 -1.519624308353442421e+00
2.878787878787878896e+00 -2.975100519024736379e+00
2.909090909090909172e+00 -2.531497595879027340e+00
2.939393939393939448e+00 -1.958108982737556625e+00
2.969696969696969724e+00 -2.223858477749487861e+00
3.000000000000000000e+00 -2.337067079673829539e+00
