0.000000000000000000e+00 -4.215279062923253051e+00
3.030303030303030387e-02 -2.274967153302757783e+00
6.060606060606060774e-02 -2.713721462980315913e+00
9.090909090909091161e-02 -2.161089426010722292e+00
1.212121212121212155e-01 -1.803724536512458343e+00
1.515151515151515194e-01 -2.093826264620320288e+00
1.818181818181818232e-01 -1.705579557722356920e+00
2.121212121212121271e-01 -9.560711275954976163e-01
2.424242424242424310e-01 -3.703548158268922919e+00
2.727272727272727071e-01 -1.733221250291663962e+00
3.030303030303030387e-01 -1.693809980222074074e-01
3.333333333333333703e-01 -8.828031469719089808e-01
3.636363636363636465e-01 -9.733017836610222684e-01
3.939393939393939226e-01 -2.034267670182807741e+00
4.242424242424242542e-01 -1.790197939521197990e+00
4.545454545454545858e-01 -2.665571163231879037e+00
4.848484848484848619e-01 -2.761370531574119713e+00
5.151515151515151381e-01 -8.537911408536495994e-01
5.454545454545454142e-01 -1.040265474611212326e+00
5.757575757575758013e-01 -1.763976481161021237e+00
6.060606060606060774e-01 -1.720927063203455898e+00
6.363636363636363535e-01 -2.460275401555482855e+00
6.666666666666667407e-01 8.749538259805111906e-02
6.969696969696970168e-01 -2.835147457718752761e+00
7.272727272727272929e-01 -2.950721104404051331e+00
7.575757575757575690e-01 -2.333302525791231652e+00
7.878787878787878451e-01 -7.736568419054121737e-01
8.181818181818182323e-01 -1.205670246386018274e+00
8.484848484848485084e-01 -9.063381647905562888e-01
8.787878787878787845e-01 1.004459363090433488e+00
9.090909090909091717e-01 2.163411289381370062e-01
9.393939393939394478e-01 8.057532768639599219e-01
9.696969696969697239e-01 4.306449817994090767e-01
1.000000000000000000e+00 8.989517456991515942e-01
1.030303030303030276e+00 -4.305398628179541998e-01
1.060606060606060552e+00 1.460427325971634049e+00
1.090909090909090828e+00 3.825873462443611372e-01
1.121212121212121327e+00 2.208722583658749627e+00
1.151515151515151603e+00 -4.041924002715788777e-01
1.181818181818181879e+00 9.772715997776200147e-01
1.212121212121212155e+00 1.094210676604232546e-01
1.242424242424242431e+00 6.413334632518339351e-01
1.272727272727272707e+00 1.312240227455453434e+00
1.303030303030302983e+00 1.545247566139376971e+00
1.333333333333333481e+00 1.413507899801982770e+00
1.363636363636363757e+00 1.741168599803315065e+00
1.393939393939394034e+00 2.029566595378020644e-01
1.424242424242424310e+00 4.370176784971473438e-01
1.454545454545454586e+00 7.965043022510213122e-01
1.484848484848484862e+00 4.669989805818677286e-01
1.515151515151515138e+00 1.022921207681983358e+00
1.545454545454545414e+00 4.961643482037942920e-01
1.575757575757575690e+00 2.074262329810727223e+00
1.606060606060606188e+00 2.528931087963446789e+00
1.636363636363636465e+00 2.078725405511812063e+00
1.666666666666666741e+00 2.285285950063812521e+00
1.696969696969697017e+00 1.330865539852118307e+00
1.727272727272727293e+00 2.419550480609026888e+00
1.757575757575757569e+00 2.423139502676571411e+00
1.787878787878787845e+00 3.351026870283598580e+00
1.818181818181818343e+00 3.143266136941641253e+00
1.848484848484848619e+00 3.793473328279929113e+00
1.878787878787878896e+00 2.868452662250335017e+00
1.909090909090909172e+00 3.804610744810437595e+00
1.939393939393939448e+00 4.405667852367788129e+00
1.969696969696969724e+00 3.840014596914538281e+00
2.000000000000000000e+00 2.452366898523858030e+00
2.030303030303030276e+00 5.304318664806769945e+00
2.060606060606060552e+00 4.530926796139743473e+00
2.090909090909090828e+00 2.954900028697350134e+00
2.121212121212121104e+00 2.640372275063639584e+00
2.151515151515151381e+00 4.308892848548718568e+00
2.181818181818181657e+00 2.683476444935315008e+00
2.212121212121212377e+00 2.336773672724540951e+00
2.242424242424242653e+00 3.798286398798233598e+00
2.272727272727272929e+00 2.037366983808973409e+00
2.303030303030303205e+00 5.456478617253532448e+00
2.333333333333333481e+00 4.236584326906895903e+00
2.363636363636363757e+00 4.060798886254264772e+00
2.393939393939394034e+00 4.535212456514443602e+00
2.424242424242424310e+00 4.531864118667477292e+00
2.454545454545454586e+00 6.683980439200143842e+00
2.484848484848484862e+00 5.169018379184499246e+00
2.515151515151515138e+00 2.570903164362496440e+00
2.545454545454545414e+00 3.854520220671349140e+00
2.575757575757575690e+00 4.382887057538325415e+00
2.606060606060605966e+00 4.748024078578620077e+00
2.636363636363636243e+00 2.396307288363645149e+00
2.666666666666666963e+00 6.125253856701373678e+00
2.696969696969697239e+00 3.756366934926401058e+00
2.727272727272727515e+00 4.812537216999458245e+00
2.757575757575757791e+00 4.566650634102530582e+00
2.787878787878788067e+00 5.231279970821934633e+00
2.818181818181818343e+00 6.130401262723425226e+00
2.848484848484848619e+00 4.472383604199568374e+00
2.878787878787878896e+00 6.537279864601576840e+00
2.909090909090909172e+00 5.488372899101527480e+00
2.939393939393939448e+00 5.920123969496548177e+00
2.969696969696969724e+00 4.630170213079506603e+00
3.000000000000000000e+00 4.750195159476567675e+00
