0.000000000000000000e+00 -1.277624163398154877e+00
3.030303030303030387e-02 -1.448504683230459111e+00
6.060606060606060774e-02 -1.183116075581126081e+00
9.090909090909091161e-02 -3.192182263011358323e+00
1.212121212121212155e-01 -3.091234359508737040e+00
1.515151515151515194e-01 -7.581279696869462903e-01
1.818181818181818232e-01 -3.819785562993918582e+00
2.121212121212121271e-01 -1.017177915305087277e+00
2.424242424242424310e-01 -2.409169781278627021e+00
2.727272727272727071e-01 -1.425164312897888585e+00
3.030303030303030387e-01 -2.989333506352259473e+00
3.333333333333333703e-01 -1.414102675184893076e+00
3.636363636363636465e-01 -3.088503406864476108e+00
3.939393939393939226e-01 -1.739555554451106989e+00
4.242424242424242542e-01 -3.075258385394771921e+00
4.545454545454545858e-01 -3.176326925517392041e+00
4.848484848484848619e-01 -2.706495221680300656e+00
5.151515151515151381e-01 -3.241792837073470324e+00
5.454545454545454142e-01 -1.603325038084487231e+00
5.757575757575758013e-01 -1.552104655919421816e+00
6.060606060606060774e-01 -8.291706455783032226e-01
6.363636363636363535e-01 -3.416119522310295586e+00
6.666666666666667407e-01 -1.797704164145658368e+00
6.969696969696970168e-01 -1.950202731688890356e+00
7.272727272727272929e-01 -2.913946317648598239e+00
7.575757575757575690e-01 -3.877000853353620879e+00
7.878787878787878451e-01 -2.108134434572070504e+00
8.181818181818182323e-01 -2.898404348920932350e+00
8.484848484848485084e-01 -7.079970602700258464e-01
8.787878787878787845e-01 -8.351725132257994400e-01
9.090909090909091717e-01 -3.157523063248227402e+00
9.393939393939394478e-01 -3.195199812512756310e+00
9.696969696969697239e-01 -3.101308356922018561e+00
1.000000000000000000e+00 -2.907534199699043143e+00
1.030303030303030276e+00 -1.837008820395420683e+00
1.060606060606060552e+00 -1.658618892603614947e+00
1.090909090909090828e+00 -3.443555332272533409e+00
1.121212121212121327e+00 -7.859075709299101486e-01
1.151515151515151603e+00 -2.157469774378814709e+00
1.181818181818181879e+00 -1.856383136012297985e+00
1.212121212121212155e+00 -2.181446110109323211e+00
1.242424242424242431e+00 -2.259875159323716076e+00
1.272727272727272707e+00 -3.865071488309382630e+00
1.303030303030302983e+00 -4.210722555721171823e+00
1.333333333333333481e+00 -8.263388668640958556e-02
1.363636363636363757e+00 -3.017218627347733051e+00
1.393939393939394034e+00 -2.332613907274153853e+00
1.424242424242424310e+00 -1.693966667976344764e+00
1.454545454545454586e+00 -4.095696705855267794e+00
1.484848484848484862e+00 -4.594806361639969694e+00
1.515151515151515138e+00 -7.172154113300099887e-01
1.545454545454545414e+00 -4.150526204942829978e+00
1.575757575757575690e+00 -2.626458165422239421e+00
1.606060606060606188e+00 -1.001645670310533420e+00
1.636363636363636465e+00 -1.606295323580121837e+00
1.666666666666666741e+00 -2.922186419462974527e+00
1.696969696969697017e+00 -2.389321023734136684e+00
1.727272727272727293e+00 -7.596746490969816801e-01
1.757575757575757569e+00 -2.111338810445485770e+00
1.787878787878787845e+00 -4.084502945868889512e+00
1.818181818181818343e+00 -2.420066665614188928e+00
1.848484848484848619e+00 -2.386157121662280112e+00
1.878787878787878896e+00 -3.356584892602842540e+00
1.909090909090909172e+00 -1.343778763441830337e+00
1.939393939393939448e+00 -2.465288301111482561e+00
1.969696969696969724e+00 -3.248409354941097060e+00
2.000000000000000000e+00 -3.883096503339840133e+00
2.030303030303030276e+00 -1.377936349611176503e+00
2.060606060606060552e+00 -1.246894133424511608e+00
2.090909090909090828e+00 -2.929808868523813281e+00
2.121212121212121104e+00 -3.108947740211524646e+00
2.151515151515151381e+00 -2.361866501681393782e+00
2.181818181818181657e+00 -1.512005538609883182e+00
2.212121212121212377e+00 -4.908448958693231390e+00
2.242424242424242653e+00 -2.289952539077901417e+00
2.272727272727272929e+00 -4.857088271639854682e+00
2.303030303030303205e+00 -2.132950718274748247e+00
2.333333333333333481e+00 -2.309871482907625673e+00
2.363636363636363757e+00 -7.721436699751027533e-01
2.393939393939394034e+00 -2.799948416425723785e+00
2.424242424242424310e+00 -1.744638778068963614e+00
2.454545454545454586e+00 -1.952797102651588235e+00
2.484848484848484862e+00 -1.979747467101889313e+00
2.515151515151515138e+00 -6.445082480896455746e-01
2.545454545454545414e+00 -9.742193997919270654e-01
2.575757575757575690e+00 -3.480422061352538510e+00
2.606060606060605966e+00 -1.993666092013225200e+00
2.636363636363636243e+00 -1.989250379797042667e+00
2.666666666666666963e+00 -2.949102478537861671e+00
2.696969696969697239e+00 -9.134462755618499852e-01
2.727272727272727515e+00 1.233663471508732457e-01
2.757575757575757791e+00 -2.758337958478779495e+00
2.787878787878788067e+00 -7.714728788723279607e-02
2.818181818181818343e+00 -2.350113809506549689e+00
2.848484848484848619e+00 -2.801690484856647068e+00
2.878787878787878896e+00 -9.658197324039718978e-03
2.909090909090909172e+00 -2.037630888015045105e+00
2.939393939393939448e+00 -3.739123958514317003e+00
2.969696969696969724e+00 -3.111387883231453433e+00
3.000000000000000000e+00 -3.285376792061751594e+00
