0.000000000000000000e+00 2.467789724234445980e+00
3.030303030303030387e-02 -4.893344758019289031e-01
6.060606060606060774e-02 3.412988082894846009e+00
9.090909090909091161e-02 1.592182399647074309e+00
1.212121212121212155e-01 2.038329484634551658e+00
1.515151515151515194e-01 2.008518982655341123e+00
1.818181818181818232e-01 2.185575158217968106e+00
2.121212121212121271e-01 1.292612983498240498e+00
2.424242424242424310e-01 1.768585652271156938e+00
2.727272727272727071e-01 1.136465257131256346e+00
3.030303030303030387e-01 1.541671880258557170e+00
3.333333333333333703e-01 1.409419120309696405e+00
3.636363636363636465e-01 2.229445856830289951e-01
3.939393939393939226e-01 1.097151115973343583e+00
4.242424242424242542e-01 3.060281499347661249e-01
4.545454545454545858e-01 -3.132583581762264924e-01
4.848484848484848619e-01 4.694296740244696120e-01
5.151515151515151381e-01 -5.612777648487010662e-01
5.454545454545454142e-01 3.001465347554645113e+00
5.757575757575758013e-01 7.745932823279573221e-01
6.060606060606060774e-01 2.348814636678198120e+00
6.363636363636363535e-01 8.164405850832894274e-01
6.666666666666667407e-01 -1.634256780387881802e+00
6.969696969696970168e-01 -8.047045433303898765e-01
7.272727272727272929e-01 -2.991068385448313327e-01
7.575757575757575690e-01 8.858464118295140688e-01
7.878787878787878451e-01 -1.713016171960930700e+00
8.181818181818182323e-01 1.093404800054474935e-01
8.484848484848485084e-01 -1.161342830427974482e+00
8.787878787878787845e-01 -5.493729838339134197e-01
9.090909090909091717e-01 1.249488214481786486e+00
9.393939393939394478e-01 -1.266075758599644052e-02
9.696969696969697239e-01 -2.009667360721668850e+00
1.000000000000000000e+00 -2.219083905559489533e+00
1.030303030303030276e+00 -3.517027747715225638e-01
1.060606060606060552e+00 1.819914120025158955e+00
1.090909090909090828e+00 1.497014107789932380e-01
1.121212121212121327e+00 -7.481031037438266029e-01
1.151515151515151603e+00 -7.129457076276113359e-01
1.181818181818181879e+00 -1.147906342846020555e+00
1.212121212121212155e+00 -1.316695232418837458e+00
1.242424242424242431e+00 -1.563927267574854341e+00
1.272727272727272707e+00 -9.193594691584253686e-01
1.303030303030302983e+00 -3.037483609595989620e+00
1.333333333333333481e+00 -1.177906715162741813e+00
1.363636363636363757e+00 -1.349685356628484101e+00
1.393939393939394034e+00 -1.369920248065654711e+00
1.424242424242424310e+00 -3.311024421655378358e+00
1.454545454545454586e+00 -2.976590881744030526e+00
1.484848484848484862e+00 -2.440301597505388997e+00
1.515151515151515138e+00 -2.531199084485343587e+00
1.545454545454545414e+00 -1.780663678968485764e+00
1.575757575757575690e+00 -1.695190295374746192e+00
1.606060606060606188e+00 -1.883647678512525570e+00
1.636363636363636465e+00 -6.151958289435146554e-01
1.666666666666666741e+00 -2.759151018093076058e+00
1.696969696969697017e+00 -2.450557126753172277e+00
1.727272727272727293e+00 -2.603680200520323673e+00
1.757575757575757569e+00 -2.054984139729494785e+00
1.787878787878787845e+00 -2.282463988860002679e+00
1.818181818181818343e+00 -1.221929158490213219e+00
1.848484848484848619e+00 -2.764624579433801355e+00
1.878787878787878896e+00 -1.567110904057665177e+00
1.909090909090909172e+00 -4.880885040967078758e+00
1.939393939393939448e+00 -3.738499997260757102e+00
1.969696969696969724e+00 -3.368318547999851642e+00
2.000000000000000000e+00 -3.424751344332416014e+00
2.030303030303030276e+00 -2.961405376098335651e+00
2.060606060606060552e+00 -3.419048939476211135e+00
2.090909090909090828e+00 -4.811255489916042904e+00
2.121212121212121104e+00 -4.290140611865937537e+00
2.151515151515151381e+00 -2.864952008127673810e+00
2.181818181818181657e+00 -4.611494648086026160e+00
2.212121212121212377e+00 -3.990557589732954824e+00
2.242424242424242653e+00 -2.787630615889590047e+00
2.272727272727272929e+00 -3.543313357982686540e+00
2.303030303030303205e+00 -4.066262562769511035e+00
2.333333333333333481e+00 -5.413522782344563744e+00
2.363636363636363757e+00 -5.685870450929037645e+00
2.393939393939394034e+00 -2.988543735392433565e+00
2.424242424242424310e+00 -4.091666809520847714e+00
2.454545454545454586e+00 -4.602699612895223780e+00
2.484848484848484862e+00 -3.486463705740390218e+00
2.515151515151515138e+00 -4.885981785440294267e+00
2.545454545454545414e+00 -6.160940761755764328e+00
2.575757575757575690e+00 -5.312224972036375448e+00
2.606060606060605966e+00 -6.711978827351806842e+00
2.636363636363636243e+00 -3.381786955927659655e+00
2.666666666666666963e+00 -4.297231541858394621e+00
2.696969696969697239e+00 -5.924817509999215304e+00
2.727272727272727515e+00 -3.605616942077310760e+00
2.757575757575757791e+00 -7.358176295823459334e+00
2.787878787878788067e+00 -5.431971264386225684e+00
2.818181818181818343e+00 -7.886305726829316853e+00
2.848484848484848619e+00 -6.548691975199570692e+00
2.878787878787878896e+00 -5.508024137703335654e+00
2.909090909090909172e+00 -6.011962453840494547e+00
2.939393939393939448e+00 -6.071918066005827619e+00
2.969696969696969724e+00 -5.399725635728126250e+00
3.000000000000000000e+00 -5.856631900202424745e+00
