0.000000000000000000e+00 2.864101554616261591e+00
3.030303030303030387e-02 1.715693812218824332e+00
6.060606060606060774e-02 1.779975005412465894e+00
9.090909090909091161e-02 2.765934435497325428e+00
1.212121212121212155e-01 2.823814146843052875e+00
1.515151515151515194e-01 1.818760249941246521e+00
1.818181818181818232e-01 1.677557689064260504e+00
2.121212121212121271e-01 2.542516501435668541e+00
2.424242424242424310e-01 1.692723377490012115e+00
2.727272727272727071e-01 2.609111976586405035e+00
3.030303030303030387e-01 2.024465316057680209e+00
3.333333333333333703e-01 3.356144678107134460e+00
3.636363636363636465e-01 2.657589662777823492e+00
3.939393939393939226e-01 2.090403574861802838e+00
4.242424242424242542e-01 2.136353162760010527e+00
4.545454545454545858e-01 2.477708958157243568e+00
4.848484848484848619e-01 3.496221793996165506e+00
5.151515151515151381e-01 4.042738788966325103e+00
5.454545454545454142e-01 2.783797386934112605e+00
5.757575757575758013e-01 1.633562558307509960e+00
6.060606060606060774e-01 2.437379559801498896e+00
6.363636363636363535e-01 2.039061720104173414e+00
6.666666666666667407e-01 1.382538519035271030e+00
6.969696969696970168e-01 1.271602276896968142e+00
7.272727272727272929e-01 2.423983720031094968e+00
7.575757575757575690e-01 2.304269890070630655e+00
7.878787878787878451e-01 1.551621417265812486e+00
8.181818181818182323e-01 2.046037190098977998e+00
8.484848484848485084e-01 3.394231190501250328e+00
8.787878787878787845e-01 2.216312211848296077e+00
9.090909090909091717e-01 2.441335449697054738e+00
9.393939393939394478e-01 1.959285631116916893e+00
9.696969696969697239e-01 2.076637165936344509e+00
1.000000000000000000e+00 1.713448000907506596e+00
1.030303030303030276e+00 2.051280786140244228e+00
1.060606060606060552e+00 2.655575395975245279e+00
1.090909090909090828e+00 1.408041560435974393e+00
1.121212121212121327e+00 1.021039847407660961e-01
1.151515151515151603e+00 1.582216676522636201e+00
1.181818181818181879e+00 2.414287546103494275e+00
1.212121212121212155e+00 1.831534966826684485e+00
1.242424242424242431e+00 1.384895564798023671e+00
1.272727272727272707e+00 8.513592010910964181e-01
1.303030303030302983e+00 2.645865436429999384e+00
1.333333333333333481e+00 1.969879285575298455e+00
1.363636363636363757e+00 2.440344430300290579e+00
1.393939393939394034e+00 2.424880562249475791e+00
1.424242424242424310e+00 1.394688869306412560e+00
1.454545454545454586e+00 3.072769795131321757e+00
1.484848484848484862e+00 2.357811686534900808e+00
1.515151515151515138e+00 1.766366583489755282e+00
1.545454545454545414e+00 1.096439408704983576e+00
1.575757575757575690e+00 1.290557783728956576e+00
1.606060606060606188e+00 9.077359229287638165e-01
1.636363636363636465e+00 1.613564603427722899e+00
1.666666666666666741e+00 1.510259676927958816e+00
1.696969696969697017e+00 1.228031558355803465e+00
1.727272727272727293e+00 9.613594449891592619e-01
1.757575757575757569e+00 3.118460209042360098e+00
1.787878787878787845e+00 9.725484088214075840e-01
1.818181818181818343e+00 2.870111466908268127e+00
1.848484848484848619e+00 9.396252047763324899e-01
1.878787878787878896e+00 2.730787556384541404e+00
1.909090909090909172e+00 1.700570182413249976e+00
1.939393939393939448e+00 1.015424242055315451e+00
1.969696969696969724e+00 -6.827102464056116204e-01
2.000000000000000000e+00 7.715180932111724843e-01
2.030303030303030276e+00 1.307377392930061610e+00
2.060606060606060552e+00 2.368188059834371639e+00
2.090909090909090828e+00 1.843353152158113017e+00
2.121212121212121104e+00 2.116308362086216643e+00
2.151515151515151381e+00 4.042310833405522441e-01
2.181818181818181657e+00 2.290566547436417633e+00
2.212121212121212377e+00 2.034917164238067233e+00
2.242424242424242653e+00 2.958779872184603477e+00
2.272727272727272929e+00 1.685170195033980800e+00
2.303030303030303205e+00 8.075010875329959870e-01
2.333333333333333481e+00 1.240488034473399059e+00
2.363636363636363757e+00 -2.551229881353107576e-01
2.393939393939394034e+00 1.856344986202994374e+00
2.424242424242424310e+00 -2.422356450547136220e-01
2.454545454545454586e+00 9.265755254073343439e-01
2.484848484848484862e+00 1.853007551458097701e+00
2.515151515151515138e+00 1.291865465344579578e+00
2.545454545454545414e+00 4.963080687470029506e-01
2.575757575757575690e+00 2.807603414609741499e+00
2.606060606060605966e+00 2.477560498220106044e+00
2.636363636363636243e+00 1.609798581010741803e-01
2.666666666666666963e+00 9.671044874087391108e-01
2.696969696969697239e+00 1.038139860706087214e+00
2.727272727272727515e+00 2.417901919130394095e+00
2.757575757575757791e+00 7.361664960884400921e-01
2.787878787878788067e+00 2.426732556558320653e+00
2.818181818181818343e+00 3.017038713806325489e+00
2.848484848484848619e+00 5.857100176568061922e-01
2.878787878787878896e+00 1.976175082247847659e+00
2.909090909090909172e+00 1.489572913452017033e+00
2.939393939393939448e+00 1.191224501379485545e+00
2.969696969696969724e+00 1.794646217333496718e+00
3.000000000000000000e+00 1.098883818789532008e+00
