0.000000000000000000e+00 -5.002084342301242881e-01
3.030303030303030387e-02 -2.616368317028286317e+00
6.060606060606060774e-02 -3.035203572841233211e+00
9.090909090909091161e-02 -1.828795690013383268e+00
1.212121212121212155e-01 -1.702190949820731936e+00
1.515151515151515194e-01 -1.661898490765982395e+00
1.818181818181818232e-01 -2.694861567010514047e+00
2.121212121212121271e-01 -1.576698461489994374e+00
2.424242424242424310e-01 -5.809242262963645320e-01
2.727272727272727071e-01 -1.115057160053853913e+00
3.030303030303030387e-01 -2.152661243974197003e+00
3.333333333333333703e-01 -4.223759177536952070e-01
3.636363636363636465e-01 -1.545056508282746766e+00
3.939393939393939226e-01 -1.489653000150749307e+00
4.242424242424242542e-01 -7.149288826623821924e-01
4.545454545454545858e-01 -1.476546445661085727e+00
4.848484848484848619e-01 -2.340693874479080172e+00
5.151515151515151381e-01 -1.743054524443150122e+00
5.454545454545454142e-01 -1.346977257849755416e+00
5.757575757575758013e-01 -6.058135265774692302e-01
6.060606060606060774e-01 -1.310475072002338148e+00
6.363636363636363535e-01 -9.487251969489925996e-01
6.666666666666667407e-01 6.988949233173988862e-01
6.969696969696970168e-01 1.205969575003268623e+00
7.272727272727272929e-01 -1.399348397139323463e+00
7.575757575757575690e-01 2.336972019924247856e+00
7.878787878787878451e-01 -8.734527892338772581e-01
8.181818181818182323e-01 -2.860330699769227381e-01
8.484848484848485084e-01 -2.677462448684745588e+00
8.787878787878787845e-01 -3.153429073821246154e-01
9.090909090909091717e-01 -1.201916176481864662e+00
9.393939393939394478e-01 6.681737095351003575e-02
9.696969696969697239e-01 -1.550430361484205211e+00
1.000000000000000000e+00 -1.021788429489783656e+00
1.030303030303030276e+00 -2.019493018187404232e+00
1.060606060606060552e+00 -1.223860101765230191e+00
1.090909090909090828e+00 6.802811489723734617e-01
1.121212121212121327e+00 -1.518029668221030359e+00
1.151515151515151603e+00 -1.057850631508553851e+00
1.181818181818181879e+00 7.593437816437688115e-01
1.212121212121212155e+00 -1.164372773076088191e-01
1.242424242424242431e+00 7.216065546924552709e-01
1.272727272727272707e+00 -1.819343359192312271e+00
1.303030303030302983e+00 4.985680167058648138e-01
1.333333333333333481e+00 -2.457923828528598698e+00
1.363636363636363757e+00 -7.515372920690549519e-01
1.393939393939394034e+00 -2.199296228581583135e-01
1.424242424242424310e+00 7.887295658409608778e-01
1.454545454545454586e+00 1.483459876135243993e+00
1.484848484848484862e+00 5.700031917164543049e-01
1.515151515151515138e+00 -1.329918562985699548e+00
1.545454545454545414e+00 5.842269306646774574e-01
1.575757575757575690e+00 7.953969423872082611e-01
1.606060606060606188e+00 2.086151368073531298e+00
1.636363636363636465e+00 1.770134162604672268e+00
1.666666666666666741e+00 2.377990008417262546e-01
1.696969696969697017e+00 -1.846790412335313381e+00
1.727272727272727293e+00 -1.596054104734102586e-01
1.757575757575757569e+00 -1.304826666057414375e+00
1.787878787878787845e+00 -2.333562613817854015e+00
1.818181818181818343e+00 1.845831803287329986e+00
1.848484848484848619e+00 1.558485745973470005e+00
1.878787878787878896e+00 2.090957375957056108e+00
1.909090909090909172e+00 -5.179789023879073362e-01
1.939393939393939448e+00 1.708167015831226099e+00
1.969696969696969724e+00 2.739496060486657392e+00
2.000000000000000000e+00 1.403379869523256662e+00
2.030303030303030276e+00 -1.695893264414887636e+00
2.060606060606060552e+00 4.006291923208671335e-05
2.090909090909090828e+00 2.024877537655459747e+00
2.121212121212121104e+00 1.196430345052340360e+00
2.151515151515151381e+00 -8.648283549733062348e-01
2.181818181818181657e+00 1.462640588119308305e+00
2.212121212121212377e+00 -9.408525055152257011e-01
2.242424242424242653e+00 8.442225922530549598e-01
2.272727272727272929e+00 9.802776966915796031e-01
2.303030303030303205e+00 -2.986950372601482329e-01
2.333333333333333481e+00 2.343385854829035608e+00
2.363636363636363757e+00 1.966714228179109680e+00
2.393939393939394034e+00 2.139058225296752269e+00
2.424242424242424310e+00 8.790980307191027521e-01
2.454545454545454586e+00 2.247679831659515237e+00
2.484848484848484862e+00 7.755130902873208498e-01
2.515151515151515138e+00 1.955989703399754198e-01
2.545454545454545414e+00 -9.814080884243048253e-02
2.575757575757575690e+00 2.527665494567385096e+00
2.606060606060605966e+00 9.592388813211919496e-01
2.636363636363636243e+00 1.768500851403409513e+00
2.666666666666666963e+00 2.551858913574182708e+00
2.696969696969697239e+00 1.638008219691876377e+00
2.727272727272727515e+00 -5.666850515915085040e-01
2.757575757575757791e+00 3.877427886543340030e+00
2.787878787878788067e+00 1.629196765511109701e+00
2.818181818181818343e+00 7.292340644451293930e-01
2.848484848484848619e+00 2.560691786329321040e+00
2.878787878787878896e+00 1.454177710718343564e+00
2.909090909090909172e+00 7.555934420752032921e-01
2.939393939393939448e+00 7.025550145326684426e-01
2.969696969696969724e+00 2.236762844389626803e+00
3.000000000000000000e+00 2.718472513693584780e+00
